1.80031250000000007e+01 3.75086539109780176e+02 2.10385128553463073e+03 2.47893782464441074e+03 -1.98440170374007630e+03 2.15843826202927552e-01
1.80062500000000014e+01 3.75528671569414598e+02 2.10340915290089742e+03 2.47893782447031208e+03 -1.98440170375441176e+03 2.15843826202928718e-01
1.80093750000000021e+01 3.75970943959097042e+02 2.10296688034213548e+03 2.47893782430123247e+03 -1.98440170377265440e+03 2.15843826202963607e-01
1.80125000000000028e+01 3.76413354093761598e+02 2.10252447003960515e+03 2.47893782413336658e+03 -1.98440170378859557e+03 2.15843826202890388e-01
1.80156250000000036e+01 3.76855899729914086e+02 2.10208192423312903e+03 2.47893782396304323e+03 -1.98440170379644451e+03 2.15843826202927552e-01
1.80187500000000043e+01 3.77298578567240156e+02 2.10163924522044636e+03 2.47893782378768628e+03 -1.98440170380584959e+03 2.15843826202927053e-01
1.80218750000000050e+01 3.77741388266759259e+02 2.10119643535607520e+03 2.47893782362283446e+03 -1.98440170380707787e+03 2.15843826202854361e-01
1.80250000000000057e+01 3.78184326420280229e+02 2.10075349704971495e+03 2.47893782346999524e+03 -1.98440170379229221e+03 2.15843826202891664e-01
1.80281250000000064e+01 3.78627390550164648e+02 2.10031043276407127e+03 2.47893782331423608e+03 -1.98440170377913091e+03 2.15843826202925804e-01
1.80312500000000071e+01 3.79070578163842413e+02 2.09986724501204662e+03 2.47893782317588921e+03 -1.98440170376589094e+03 2.15843826202890027e-01
1.80343750000000078e+01 3.79513886691987807e+02 2.09942393635337385e+03 2.47893782304536171e+03 -1.98440170374837203e+03 2.15843826202817030e-01
1.80375000000000085e+01 3.79957313520257799e+02 2.09898050939064342e+03 2.47893782291090110e+03 -1.98440170373548790e+03 2.15843826202781142e-01
1.80406250000000092e+01 3.80400856014033536e+02 2.09853696676473874e+03 2.47893782277877244e+03 -1.98440170372641478e+03 2.15843826202925526e-01
1.80437500000000099e+01 3.80844511503167837e+02 2.09809331114984980e+03 2.47893782265301752e+03 -1.98440170372379885e+03 2.15843826202853084e-01
1.80468750000000107e+01 3.81288277271908726e+02 2.09764954524802761e+03 2.47893782251993616e+03 -1.98440170372308285e+03 2.15843826202890388e-01
1.80500000000000114e+01 3.81732150607174447e+02 2.09720567178347937e+03 2.47893782239065376e+03 -1.98440170372923080e+03 2.15843826202890027e-01
1.80531250000000121e+01 3.82176128758367497e+02 2.09676169349677639e+03 2.47893782225514406e+03 -1.98440170374374179e+03 2.15843826202926165e-01
1.80562500000000128e+01 3.82620208977250911e+02 2.09631761313906281e+03 2.47893782211631378e+03 -1.98440170376291098e+03 2.15843826202814643e-01
1.80593750000000135e+01 3.83064388507304159e+02 2.09587343346652506e+03 2.47893782197382916e+03 -1.98440170377681079e+03 2.15843826202926165e-01
1.80625000000000142e+01 3.83508664608636536e+02 2.09542915723528449e+03 2.47893782184392103e+03 -1.98440170378681341e+03 2.15843826202779504e-01
1.80656250000000149e+01 3.83953034537288545e+02 2.09498478719682953e+03 2.47893782173411819e+03 -1.98440170380020072e+03 2.15843826202854472e-01
1.80687500000000156e+01 3.84397495524022418e+02 2.09454032609421756e+03 2.47893782161823992e+03 -1.98440170379643132e+03 2.15843826202963357e-01
1.80718750000000163e+01 3.84842044830198688e+02 2.09409577665914730e+03 2.47893782148934588e+03 -1.98440170379920937e+03 2.15843826202890887e-01
1.80750000000000171e+01 3.85286679749252244e+02 2.09365114160988605e+03 2.47893782135913807e+03 -1.98440170380355471e+03 2.15843826202962580e-01
1.80781250000000178e+01 3.85731397592616645e+02 2.09320642365018466e+03 2.47893782124280142e+03 -1.98440170378880362e+03 2.15843826202817668e-01
1.80812500000000185e+01 3.86176195631140672e+02 2.09276162546918749e+03 2.47893782110032816e+03 -1.98440170378744619e+03 2.15843826202925804e-01
1.80843750000000192e+01 3.86621071239855553e+02 2.09231674974222506e+03 2.47893782098208067e+03 -1.98440170377689037e+03 2.15843826202891664e-01
1.80875000000000199e+01 3.87066021721043285e+02 2.09187179913243381e+03 2.47893782085347721e+03 -1.98440170377257141e+03 2.15843826202962857e-01
1.80906250000000206e+01 3.87511044402399421e+02 2.09142677629296122e+03 2.47893782069536064e+03 -1.98440170378553125e+03 2.15843826202961081e-01
1.80937500000000213e+01 3.87956136665968472e+02 2.09098168386965017e+03 2.47893782053561881e+03 -1.98440170379442475e+03 2.15843826202891498e-01
1.80968750000000220e+01 3.88401295869782132e+02 2.09053652450399477e+03 2.47893782037377696e+03 -1.98440170379330266e+03 2.15843826202854722e-01
1.81000000000000227e+01 3.88846519382938482e+02 2.09009130083612308e+03 2.47893782021906145e+03 -1.98440170379801543e+03 2.15843826202925165e-01
1.81031250000000234e+01 3.89291804564033043e+02 2.08964601550760835e+03 2.47893782007164145e+03 -1.98440170379463507e+03 2.15843826203000272e-01
1.81062500000000242e+01 3.89737148767728002e+02 2.08920067116387054e+03 2.47893781993159837e+03 -1.98440170378699122e+03 2.15843826202817529e-01
1.81093750000000249e+01 3.90182549328504649e+02 2.08875527045608032e+03 2.47893781978458492e+03 -1.98440170377404388e+03 2.15843826202892802e-01
1.81125000000000256e+01 3.90628003603187267e+02 2.08830981604235785e+03 2.47893781964554501e+03 -1.98440170375954517e+03 2.15843826202892664e-01
1.81156250000000263e+01 3.91073508925115959e+02 2.08786431058830840e+03 2.47893781951342453e+03 -1.98440170374043055e+03 2.15843826202889250e-01
1.81187500000000270e+01 3.91519062615000507e+02 2.08741875676676864e+03 2.47893781938176926e+03 -1.98440170373236469e+03 2.15843826202853084e-01
1.81218750000000277e+01 3.91964662004678871e+02 2.08697315725686121e+03 2.47893781926153997e+03 -1.98440170371842760e+03 2.15843826202854611e-01
1.81250000000000284e+01 3.92410304382300922e+02 2.08652751474253546e+03 2.47893781912483655e+03 -1.98440170370712349e+03 2.15843826202962580e-01
1.81281250000000291e+01 3.92855987071253082e+02 2.08608183191065973e+03 2.47893781898191264e+03 -1.98440170370876149e+03 2.15843826202889749e-01
1.81312500000000298e+01 3.93301707370680731e+02 2.08563611144892911e+03 2.47893781881960967e+03 -1.98440170371367049e+03 2.15843826202926803e-01
1.81343750000000306e+01 3.93747462613567791e+02 2.08519035604383362e+03 2.47893781865740129e+03 -1.98440170372475700e+03 2.15843826202854083e-01
1.81375000000000313e+01 3.94193250127022907e+02 2.08474456837893695e+03 2.47893781850595997e+03 -1.98440170372688704e+03 2.15843826202925915e-01
1.81406250000000320e+01 3.94639067214373540e+02 2.08429875113371327e+03 2.47893781834808669e+03 -1.98440170374165177e+03 2.15843826202887612e-01
1.81437500000000327e+01 3.95084911219102878e+02 2.08385290698319432e+03 2.47893781820229742e+03 -1.98440170374377476e+03 2.15843826202888750e-01
1.81468750000000334e+01 3.95530779442171877e+02 2.08340703859857558e+03 2.47893781804074752e+03 -1.98440170374149557e+03 2.15843826202927719e-01
1.81500000000000341e+01 3.95976669232208963e+02 2.08296114864888887e+03 2.47893781788109800e+03 -1.98440170373780893e+03 2.15843826202854222e-01
1.81531250000000348e+01 3.96422577937133781e+02 2.08251523980395632e+03 2.47893781774108993e+03 -1.98440170372585180e+03 2.15843826203001549e-01
1.81562500000000355e+01 3.96868502862713626e+02 2.08206931473849545e+03 2.47893781760120919e+03 -1.98440170371268823e+03 2.15843826202888861e-01
1.81593750000000362e+01 3.97314441337051107e+02 2.08162337613726413e+03 2.47893781747431512e+03 -1.98440170369574298e+03 2.15843826202853972e-01
1.81625000000000369e+01 3.97760390658866413e+02 2.08117742670123243e+03 2.47893781736009896e+03 -1.98440170368783629e+03 2.15843826202927441e-01
1.81656250000000377e+01 3.98206348079070096e+02 2.08073146915443203e+03 2.47893781723350230e+03 -1.98440170369338330e+03 2.15843826202925804e-01
1.81687500000000384e+01 3.98652310849187245e+02 2.08028550625120624e+03 2.47893781710039366e+03 -1.98440170370167243e+03 2.15843826202926553e-01
1.81718750000000391e+01 3.99098276170619044e+02 2.07983954078353690e+03 2.47893781695415601e+03 -1.98440170371012300e+03 2.15843826202962191e-01
1.81750000000000398e+01 3.99544241231150409e+02 2.07939357558813481e+03 2.47893781681928522e+03 -1.98440170372260718e+03 2.15843826202890388e-01
1.81781250000000405e+01 3.99990203141564393e+02 2.07894761355291394e+03 2.47893781669447844e+03 -1.98440170372784314e+03 2.15843826202964856e-01
1.81812500000000412e+01 4.00436158968988025e+02 2.07850165762244114e+03 2.47893781659142905e+03 -1.98440170372635657e+03 2.15843826202815781e-01
1.81843750000000419e+01 4.00882105688809474e+02 2.07805571080208711e+03 2.47893781649089669e+03 -1.98440170372029297e+03 2.15843826202926942e-01
1.81875000000000426e+01 4.01328040231822570e+02 2.07760977616062701e+03 2.47893781639244935e+03 -1.98440170371582599e+03 2.15843826202924666e-01
1.81906250000000433e+01 4.01773959480845917e+02 2.07716385683110821e+03 2.47893781631195407e+03 -1.98440170371399859e+03 2.15843826202889860e-01
1.81937500000000441e+01 4.02219860217532812e+02 2.07671795600994892e+03 2.47893781622748156e+03 -1.98440170372384046e+03 2.15843826202961581e-01
1.81968750000000448e+01 4.02665739198478320e+02 2.07627207695412380e+03 2.47893781615260195e+03 -1.98440170373389537e+03 2.15843826202889749e-01
1.82000000000000455e+01 4.03111593113782476e+02 2.07582622297664602e+03 2.47893781609042844e+03 -1.98440170373981323e+03 2.15843826202890388e-01
1.82031250000000462e+01 4.03557418589735903e+02 2.07538039744057278e+03 2.47893781603030857e+03 -1.98440170375904336e+03 2.15843826202851335e-01
1.82062500000000469e+01 4.04003212224552328e+02 2.07493460375165796e+03 2.47893781597621046e+03 -1.98440170376729202e+03 2.15843826202962580e-01
1.82093750000000476e+01 4.04448970552902949e+02 2.07448884535016077e+03 2.47893781590306389e+03 -1.98440170377834738e+03 2.15843826202854472e-01
1.82125000000000483e+01 4.04894690125766374e+02 2.07404312570213142e+03 2.47893781582789779e+03 -1.98440170378992275e+03 2.15843826202889749e-01
1.82156250000000490e+01 4.05340367451064765e+02 2.07359744829055671e+03 2.47893781574162131e+03 -1.98440170380772338e+03 2.15843826202853306e-01
1.82187500000000497e+01 4.05785999050020507e+02 2.07315181660689041e+03 2.47893781565691097e+03 -1.98440170382913720e+03 2.15843826202996719e-01
1.82218750000000504e+01 4.06231581434366092e+02 2.07270623414330021e+03 2.47893781557766624e+03 -1.98440170382538781e+03 2.15843826202962441e-01
1.82250000000000512e+01 4.06677111118984101e+02 2.07226070438605620e+03 2.47893781550504036e+03 -1.98440170381263010e+03 2.15843826202890526e-01
1.82281250000000519e+01 4.07122584636288877e+02 2.07181523081036721e+03 2.47893781544665626e+03 -1.98440170380147720e+03 2.15843826202890526e-01
1.82312500000000526e+01 4.07567998507283562e+02 2.07136981687691423e+03 2.47893781538419762e+03 -1.98440170377691561e+03 2.15843826202964495e-01
1.82343750000000533e+01 4.08013349287828078e+02 2.07092446603020971e+03 2.47893781531803779e+03 -1.98440170376089645e+03 2.15843826202999134e-01
1.82375000000000540e+01 4.08458633546440410e+02 2.07047918169877130e+03 2.47893781524521182e+03 -1.98440170375991966e+03 2.15843826202890027e-01
1.82406250000000547e+01 4.08903847869243350e+02 2.07003396729721044e+03 2.47893781516645367e+03 -1.98440170375354501e+03 2.15843826202889388e-01
1.82437500000000554e+01 4.09348988859090184e+02 2.06958882623008685e+03 2.47893781508917709e+03 -1.98440170374739273e+03 2.15843826202963079e-01
1.82468750000000561e+01 4.09794053109076458e+02 2.06914376189719951e+03 2.47893781500627574e+03 -1.98440170373873320e+03 2.15843826202925665e-01
1.82500000000000568e+01 4.10239037215573092e+02 2.06869877770006542e+03 2.47893781491563868e+03 -1.98440170373849446e+03 2.15843826202926803e-01
1.82531250000000576e+01 4.10683937779312600e+02 2.06825387704935065e+03 2.47893781482866325e+03 -1.98440170375011894e+03 2.15843826202815892e-01
1.82562500000000583e+01 4.11128751366160429e+02 2.06780906337276110e+03 2.47893781473892159e+03 -1.98440170376465994e+03 2.15843826202963829e-01
1.82593750000000590e+01 4.11573474530451847e+02 2.06736434012306563e+03 2.47893781465351731e+03 -1.98440170376867172e+03 2.15843826202924777e-01
1.82625000000000597e+01 4.12018103785053995e+02 2.06691971078586630e+03 2.47893781457092018e+03 -1.98440170376776769e+03 2.15843826202889749e-01
1.82656250000000604e+01 4.12462635612423696e+02 2.06647517888673246e+03 2.47893781449915605e+03 -1.98440170378019957e+03 2.15843826202924888e-01
1.82687500000000611e+01 4.12907066441064956e+02 2.06603074799750084e+03 2.47893781443856597e+03 -1.98440170378360040e+03 2.15843826202926303e-01
1.82718750000000618e+01 4.13351392646622458e+02 2.06558642174142778e+03 2.47893781438805036e+03 -1.98440170378228163e+03 2.15843826202928440e-01
1.82750000000000625e+01 4.13795610549858509e+02 2.06514220379700600e+03 2.47893781434686434e+03 -1.98440170377045115e+03 2.15843826203033884e-01
1.82781250000000632e+01 4.14239716420563866e+02 2.06469809790040745e+03 2.47893781432097148e+03 -1.98440170376011974e+03 2.15843826202926165e-01
1.82812500000000639e+01 4.14683706441788331e+02 2.06425410784654287e+03 2.47893781428833108e+03 -1.98440170376201604e+03 2.15843826202960942e-01
1.82843750000000647e+01 4.15127576770505243e+02 2.06381023748876578e+03 2.47893781425927091e+03 -1.98440170376505830e+03 2.15843826202999273e-01
1.82875000000000654e+01 4.15571323497211836e+02 2.06336649073743047e+03 2.47893781423464225e+03 -1.98440170376981519e+03 2.15843826202925304e-01
1.82906250000000661e+01 4.16014942649628836e+02 2.06292287155734857e+03 2.47893781420697724e+03 -1.98440170377830145e+03 2.15843826202779226e-01
1.82937500000000668e+01 4.16458430224072970e+02 2.06247938396438440e+03 2.47893781418845720e+03 -1.98440170378916650e+03 2.15843826202889388e-01
1.82968750000000675e+01 4.16901782157888078e+02 2.06203603202155682e+03 2.47893781417944501e+03 -1.98440170378504808e+03 2.15843826203000272e-01
1.83000000000000682e+01 4.17344994344694385e+02 2.06159281983473329e+03 2.47893781417942773e+03 -1.98440170378026050e+03 2.15843826202853445e-01
1.83031250000000689e+01 4.17788062623193468e+02 2.06114975154810008e+03 2.47893781417129367e+03 -1.98440170379377741e+03 2.15843826202925665e-01
1.83062500000000696e+01 4.18230982826611410e+02 2.06070683133975854e+03 2.47893781416637012e+03 -1.98440170380910354e+03 2.15843826202889388e-01
1.83093750000000703e+01 4.18673750737493776e+02 2.06026406341758729e+03 2.47893781415508101e+03 -1.98440170383140776e+03 2.15843826202852335e-01
1.83125000000000711e+01 4.19116362132888810e+02 2.05982145201538242e+03 2.47893781414827117e+03 -1.98440170384609314e+03 2.15843826202961581e-01
1.83156250000000718e+01 4.19558812764327001e+02 2.05937900138939494e+03 2.47893781415372177e+03 -1.98440170385063129e+03 2.15843826202891498e-01
1.83187500000000725e+01 4.20001098341465308e+02 2.05893671581536091e+03 2.47893781415682633e+03 -1.98440170385384954e+03 2.15843826202926303e-01
1.83218750000000732e+01 4.20443214583129702e+02 2.05849459958588022e+03 2.47893781416900993e+03 -1.98440170385706961e+03 2.15843826202854611e-01
1.83250000000000739e+01 4.20885157158511618e+02 2.05805265700811788e+03 2.47893781416662932e+03 -1.98440170386620412e+03 2.15843826202892164e-01
1.83281250000000746e+01 4.21326921760120740e+02 2.05761089240178444e+03 2.47893781416190541e+03 -1.98440170385947249e+03 2.15843826202925165e-01
1.83312500000000753e+01 4.21768504058579197e+02 2.05716931009727341e+03 2.47893781415585272e+03 -1.98440170385197348e+03 2.15843826202927552e-01
1.83343750000000760e+01 4.22209899727568711e+02 2.05672791443381539e+03 2.47893781416138427e+03 -1.98440170383579903e+03 2.15843826202888972e-01
1.83375000000000767e+01 4.22651104411809797e+02 2.05628670975761588e+03 2.47893781416942556e+03 -1.98440170381231792e+03 2.15843826202889388e-01
1.83406250000000774e+01 4.23092113753151466e+02 2.05584570041986353e+03 2.47893781417301489e+03 -1.98440170379088386e+03 2.15843826202925526e-01
1.83437500000000782e+01 4.23532923391582756e+02 2.05540489077450866e+03 2.47893781416609136e+03 -1.98440170377368713e+03 2.15843826202817030e-01
1.83468750000000789e+01 4.23973528984051313e+02 2.05496428517594268e+03 2.47893781415999410e+03 -1.98440170376916558e+03 2.15843826202961941e-01
1.83500000000000796e+01 4.24413926175581310e+02 2.05452388797655840e+03 2.47893781415213971e+03 -1.98440170376918923e+03 2.15843826202924888e-01
1.83531250000000803e+01 4.24854110628064461e+02 2.05408370352420116e+03 2.47893781415226567e+03 -1.98440170377452387e+03 2.15843826202961830e-01
1.83562500000000810e+01 4.25294077994143038e+02 2.05364373615976592e+03 2.47893781415390913e+03 -1.98440170378447510e+03 2.15843826202963357e-01
1.83593750000000817e+01 4.25733823950147155e+02 2.05320399021506910e+03 2.47893781416521642e+03 -1.98440170378852554e+03 2.15843826202925526e-01
1.83625000000000824e+01 4.26173344165712592e+02 2.05276447001111137e+03 2.47893781417682385e+03 -1.98440170378065022e+03 2.15843826202853445e-01
1.83656250000000831e+01 4.26612634310667829e+02 2.05232517985695995e+03 2.47893781416762795e+03 -1.98440170377640607e+03 2.15843826202961581e-01
1.83687500000000838e+01 4.27051690108477374e+02 2.05188612404943069e+03 2.47893781415790818e+03 -1.98440170377381628e+03 2.15843826202887473e-01
1.83718750000000846e+01 4.27490507282941337e+02 2.05144730687369884e+03 2.47893781415664034e+03 -1.98440170377748154e+03 2.15843826202814643e-01
1.83750000000000853e+01 4.27929081548623515e+02 2.05100873260496428e+03 2.47893781415358762e+03 -1.98440170377554250e+03 2.15843826202924388e-01
1.83781250000000860e+01 4.28367408643902820e+02 2.05057040551137197e+03 2.47893781415527474e+03 -1.98440170377420827e+03 2.15843826202926026e-01
1.83812500000000867e+01 4.28805484291270886e+02 2.05013232985805644e+03 2.47893781414932710e+03 -1.98440170376173978e+03 2.15843826202997219e-01
1.83843750000000874e+01 4.29243304244199123e+02 2.04969450991229314e+03 2.47893781415649210e+03 -1.98440170375725029e+03 2.15843826202852807e-01
1.83875000000000881e+01 4.29680864215308304e+02 2.04925694994976766e+03 2.47893781416507591e+03 -1.98440170375620391e+03 2.15843826202814643e-01
1.83906250000000888e+01 4.30118159899507532e+02 2.04881965426163788e+03 2.47893781416114552e+03 -1.98440170376300989e+03 2.15843826202889860e-01
1.83937500000000895e+01 4.30555187004040306e+02 2.04838262716227109e+03 2.47893781416631145e+03 -1.98440170377112554e+03 2.15843826202889749e-01
1.83968750000000902e+01 4.30991941176511546e+02 2.04794587299734258e+03 2.47893781417385435e+03 -1.98440170377040931e+03 2.15843826202926303e-01
1.84000000000000909e+01 4.31428418035623679e+02 2.04750939615192601e+03 2.47893781418754952e+03 -1.98440170376302603e+03 2.15843826202887612e-01
1.84031250000000917e+01 4.31864613164904767e+02 2.04707320105834447e+03 2.47893781422324901e+03 -1.98440170375515390e+03 2.15843826202888972e-01
1.84062500000000924e+01 4.32300522051307553e+02 2.04663729220338223e+03 2.47893781425468978e+03 -1.98440170375898924e+03 2.15843826202926303e-01
1.84093750000000931e+01 4.32736140140840917e+02 2.04620167413454487e+03 2.47893781427538579e+03 -1.98440170376751348e+03 2.15843826202925804e-01
1.84125000000000938e+01 4.33171462848658280e+02 2.04576635146507942e+03 2.47893781431373782e+03 -1.98440170376624496e+03 2.15843826202925165e-01
1.84156250000000945e+01 4.33606485482310063e+02 2.04533132887742067e+03 2.47893781435973051e+03 -1.98440170378905032e+03 2.15843826202853445e-01
1.84187500000000952e+01 4.34041203285922791e+02 2.04489661112495742e+03 2.47893781441088004e+03 -1.98440170380415043e+03 2.15843826202890887e-01
1.84218750000000959e+01 4.34475611440632292e+02 2.04446220303198652e+03 2.47893781447261881e+03 -1.98440170380923701e+03 2.15843826202816919e-01
1.84250000000000966e+01 4.34909705047100601e+02 2.04402810949179548e+03 2.47893781453889596e+03 -1.98440170380948803e+03 2.15843826202889250e-01
1.84281250000000973e+01 4.35343479142247190e+02 2.04359433546292166e+03 2.47893781460516902e+03 -1.98440170380208360e+03 2.15843826202927302e-01
1.84312500000000981e+01 4.35776928718738873e+02 2.04316088596369582e+03 2.47893781468243469e+03 -1.98440170379844039e+03 2.15843826202924666e-01
1.84343750000000988e+01 4.36210048698191088e+02 2.04272776606519733e+03 2.47893781476338836e+03 -1.98440170379798019e+03 2.15843826202887973e-01
1.84375000000000995e+01 4.36642833948611326e+02 2.04229498088289165e+03 2.47893781483150315e+03 -1.98440170378764424e+03 2.15843826202887723e-01
1.84406250000001002e+01 4.37075279342432509e+02 2.04186253556731572e+03 2.47893781490974834e+03 -1.98440170377516733e+03 2.15843826202889250e-01
1.84437500000001009e+01 4.37507379698714374e+02 2.04143043529412489e+03 2.47893781499283932e+03 -1.98440170378103312e+03 2.15843826202926942e-01
1.84468750000001016e+01 4.37939129811783118e+02 2.04099868525376633e+03 2.47893781506554933e+03 -1.98440170377933441e+03 2.15843826202887473e-01
1.84500000000001023e+01 4.38370524493144330e+02 2.04056729064120782e+03 2.47893781513435215e+03 -1.98440170377779327e+03 2.15843826202924888e-01
1.84531250000001030e+01 4.38801558554064002e+02 2.04013625664615392e+03 2.47893781520021776e+03 -1.98440170376977130e+03 2.15843826202925526e-01
1.84562500000001037e+01 4.39232226827300735e+02 2.03970558844404013e+03 2.47893781527134070e+03 -1.98440170376709830e+03 2.15843826202853445e-01
1.84593750000001044e+01 4.39662524158257611e+02 2.03927529118799021e+03 2.47893781534624759e+03 -1.98440170375840944e+03 2.15843826202852196e-01
1.84625000000001052e+01 4.40092445418756256e+02 2.03884537000207547e+03 2.47893781542083161e+03 -1.98440170375494154e+03 2.15843826202926303e-01
1.84656250000001059e+01 4.40521985522318573e+02 2.03841582997615114e+03 2.47893781549846972e+03 -1.98440170374547847e+03 2.15843826202852695e-01
1.84687500000001066e+01 4.40951139397217730e+02 2.03798667616235707e+03 2.47893781555957503e+03 -1.98440170374666786e+03 2.15843826202927302e-01
1.84718750000001073e+01 4.41379902053825788e+02 2.03755791357328235e+03 2.47893781562710819e+03 -1.98440170375235448e+03 2.15843826202925526e-01
1.84750000000001080e+01 4.41808268509611196e+02 2.03712954718179299e+03 2.47893781569140401e+03 -1.98440170375267439e+03 2.15843826202850919e-01
1.84781250000001087e+01 4.42236233825993338e+02 2.03670158192259350e+03 2.47893781574858667e+03 -1.98440170375609614e+03 2.15843826202923889e-01
1.84812500000001094e+01 4.42663793112002224e+02 2.03627402269531694e+03 2.47893781580731911e+03 -1.98440170375329080e+03 2.15843826202887834e-01
1.84843750000001101e+01 4.43090941505694161e+02 2.03584687436900640e+03 2.47893781587470039e+03 -1.98440170374903369e+03 2.15843826202926026e-01
1.84875000000001108e+01 4.43517674140688655e+02 2.03542014178783484e+03 2.47893781592852338e+03 -1.98440170375003891e+03 2.15843826202924888e-01
1.84906250000001116e+01 4.43943986203110569e+02 2.03499382977778828e+03 2.47893781598089890e+03 -1.98440170375030993e+03 2.15843826202959027e-01
1.84937500000001123e+01 4.44369872867338358e+02 2.03456794315408206e+03 2.47893781602142053e+03 -1.98440170375996422e+03 2.15843826202960942e-01
1.84968750000001130e+01 4.44795329324959255e+02 2.03414248672899021e+03 2.47893781605394952e+03 -1.98440170377859658e+03 2.15843826202961941e-01
1.85000000000001137e+01 4.45220350784339416e+02 2.03371746531984945e+03 2.47893781610418864e+03 -1.98440170379150959e+03 2.15843826202853445e-01
1.85031250000001144e+01 4.45644932404233771e+02 2.03329288375697024e+03 2.47893781616120395e+03 -1.98440170379603569e+03 2.15843826202888500e-01
1.85062500000001151e+01 4.46069069336760663e+02 2.03286874689125102e+03 2.47893781622801180e+03 -1.98440170379012170e+03 2.15843826202889111e-01
1.85093750000001158e+01 4.46492756700710402e+02 2.03244505960124206e+03 2.47893781630195235e+03 -1.98440170378212952e+03 2.15843826202925165e-01
1.85125000000001165e+01 4.46915989570418560e+02 2.03202182679948487e+03 2.47893781636990343e+03 -1.98440170378168568e+03 2.15843826202961941e-01
1.85156250000001172e+01 4.47338763006066415e+02 2.03159905343783566e+03 2.47893781644390219e+03 -1.98440170378119046e+03 2.15843826202888112e-01
1.85187500000001180e+01 4.47761072006214476e+02 2.03117674451169114e+03 2.47893781651790550e+03 -1.98440170378663925e+03 2.15843826202888500e-01
1.85218750000001187e+01 4.48182911535487335e+02 2.03075490506311280e+03 2.47893781659859997e+03 -1.98440170378517382e+03 2.15843826202889111e-01
1.85250000000001194e+01 4.48604276516138668e+02 2.03033354018273758e+03 2.47893781669887630e+03 -1.98440170377333220e+03 2.15843826202852196e-01
1.85281250000001201e+01 4.49025161793837810e+02 2.02991265501055886e+03 2.47893781680439679e+03 -1.98440170377227878e+03 2.15843826202925915e-01
1.85312500000001208e+01 4.49445562164569139e+02 2.02949225473543174e+03 2.47893781690000105e+03 -1.98440170377495497e+03 2.15843826202887196e-01
1.85343750000001215e+01 4.49865472399132102e+02 2.02907234459349866e+03 2.47893781699263081e+03 -1.98440170377881486e+03 2.15843826202924888e-01
1.85375000000001222e+01 4.50284887218982817e+02 2.02865292986566487e+03 2.47893781708464758e+03 -1.98440170378267203e+03 2.15843826202816280e-01
1.85406250000001229e+01 4.50703801303550279e+02 2.02823401587412172e+03 2.47893781717767206e+03 -1.98440170378349012e+03 2.15843826202890388e-01
1.85437500000001236e+01 4.51122209300164116e+02 2.02781560797828934e+03 2.47893781727845362e+03 -1.98440170377973254e+03 2.15843826202890027e-01
1.85468750000001243e+01 4.51540105828987521e+02 2.02739771157035125e+03 2.47893781739933866e+03 -1.98440170377194636e+03 2.15843826202924388e-01
1.85500000000001251e+01 4.51957485436137176e+02 2.02698033207042567e+03 2.47893781750656308e+03 -1.98440170377906429e+03 2.15843826202887834e-01
1.85531250000001258e+01 4.52374342698158443e+02 2.02656347492169743e+03 2.47893781761985611e+03 -1.98440170378163657e+03 2.15843826202852695e-01
1.85562500000001265e+01 4.52790672150327225e+02 2.02614714558580772e+03 2.47893781773613500e+03 -1.98440170377946924e+03 2.15843826202887834e-01
1.85593750000001272e+01 4.53206468323017873e+02 2.02573134953855629e+03 2.47893781786157433e+03 -1.98440170377497179e+03 2.15843826202923889e-01
1.85625000000001279e+01 4.53621725739200258e+02 2.02531609226618662e+03 2.47893781800538682e+03 -1.98440170376848596e+03 2.15843826202961581e-01
1.85656250000001286e+01 4.54036438884035817e+02 2.02490137926242301e+03 2.47893781814645899e+03 -1.98440170377397862e+03 2.15843826202851058e-01
1.85687500000001293e+01 4.54450602251388887e+02 2.02448721602636351e+03 2.47893781827775229e+03 -1.98440170377443906e+03 2.15843826202817918e-01
1.85718750000001300e+01 4.54864210329540413e+02 2.02407360806136194e+03 2.47893781839090252e+03 -1.98440170377999880e+03 2.15843826202890388e-01
1.85750000000001307e+01 4.55277257634169985e+02 2.02366056087481707e+03 2.47893781850898722e+03 -1.98440170378073253e+03 2.15843826202998357e-01
1.85781250000001315e+01 4.55689738639983830e+02 2.02324807997899529e+03 2.47893781861897924e+03 -1.98440170379543315e+03 2.15843826202924888e-01
1.85812500000001322e+01 4.56101647843870069e+02 2.02283617089276709e+03 2.47893781873663738e+03 -1.98440170379736583e+03 2.15843826202852196e-01
1.85843750000001329e+01 4.56512979723664671e+02 2.02242483914415516e+03 2.47893781886781971e+03 -1.98440170379569463e+03 2.15843826202925665e-01
1.85875000000001336e+01 4.56923728713040816e+02 2.02201409027358932e+03 2.47893781898663019e+03 -1.98440170379710526e+03 2.15843826202924000e-01
1.85906250000001343e+01 4.57333889274132218e+02 2.02160392983756446e+03 2.47893781911169663e+03 -1.98440170379815891e+03 2.15843826202925027e-01
1.85937500000001350e+01 4.57743455818926634e+02 2.02119436341255209e+03 2.47893781923147890e+03 -1.98440170381125017e+03 2.15843826202851280e-01
1.85968750000001357e+01 4.58152422749935795e+02 2.02078539659898706e+03 2.47893781934892286e+03 -1.98440170381326311e+03 2.15843826202854333e-01
1.86000000000001364e+01 4.58560784456521048e+02 2.02037703502494696e+03 2.47893781948146807e+03 -1.98440170380279915e+03 2.15843826202961303e-01
1.86031250000001371e+01 4.58968535268466269e+02 2.01996928434928850e+03 2.47893781961775494e+03 -1.98440170379571873e+03 2.15843826202779865e-01
1.86062500000001378e+01 4.59375669501814571e+02 2.01956215026416612e+03 2.47893781976598075e+03 -1.98440170378532366e+03 2.15843826202887473e-01
1.86093750000001386e+01 4.59782181412275008e+02 2.01915563849659793e+03 2.47893781990887283e+03 -1.98440170378344465e+03 2.15843826202887473e-01
1.86125000000001393e+01 4.60188065254755315e+02 2.01874975480888816e+03 2.47893782006364336e+03 -1.98440170378292873e+03 2.15843826202888334e-01
1.86156250000001400e+01 4.60593315217521422e+02 2.01834450499799573e+03 2.47893782021551715e+03 -1.98440170378241078e+03 2.15843826202889250e-01
1.86187500000001407e+01 4.60997925471758890e+02 2.01793989489361820e+03 2.47893782036537687e+03 -1.98440170378047287e+03 2.15843826202851558e-01
1.86218750000001414e+01 4.61401890169253591e+02 2.01753593035511130e+03 2.47893782052436472e+03 -1.98440170378439825e+03 2.15843826202960665e-01
1.86250000000001421e+01 4.61805203422608997e+02 2.01713261726737892e+03 2.47893782068998780e+03 -1.98440170378751259e+03 2.15843826202851419e-01
1.86281250000001428e+01 4.62207859309700268e+02 2.01672996153582449e+03 2.47893782084552458e+03 -1.98440170379513484e+03 2.15843826202924888e-01
1.86312500000001435e+01 4.62609851918129436e+02 2.01632796908059117e+03 2.47893782099872078e+03 -1.98440170378780931e+03 2.15843826202851419e-01
1.86343750000001442e+01 4.63011175330085337e+02 2.01592664583045394e+03 2.47893782116053944e+03 -1.98440170378759444e+03 2.15843826202942596e-01
1.86375000000001450e+01 4.63411823605651591e+02 2.01552599771668361e+03 2.47893782132233537e+03 -1.98440170379082883e+03 2.15843826202905181e-01
1.86406250000001457e+01 4.63811790827194613e+02 2.01512603066716065e+03 2.47893782149435538e+03 -1.98440170377702975e+03 2.15843826202962080e-01
1.86437500000001464e+01 4.64211071057463982e+02 2.01472675060116467e+03 2.47893782165862876e+03 -1.98440170377110758e+03 2.15843826202870126e-01
1.86468750000001471e+01 4.64609658393699931e+02 2.01432816342515002e+03 2.47893782181884990e+03 -1.98440170376742935e+03 2.15843826202870376e-01
1.86500000000001478e+01 4.65007546948600407e+02 2.01393027502971631e+03 2.47893782197831661e+03 -1.98440170376070682e+03 2.15843826202924749e-01
1.86531250000001485e+01 4.65404730847024894e+02 2.01353309128817682e+03 2.47893782213520171e+03 -1.98440170375281423e+03 2.15843826202906319e-01
1.86562500000001492e+01 4.65801204223863010e+02 2.01313661805690003e+03 2.47893782228076316e+03 -1.98440170374889408e+03 2.15843826202888500e-01
1.86593750000001499e+01 4.66196961265082280e+02 2.01274086117735578e+03 2.47893782244243812e+03 -1.98440170373603223e+03 2.15843826202941319e-01
1.86625000000001506e+01 4.66591996117521546e+02 2.01234582648003311e+03 2.47893782259755471e+03 -1.98440170373543447e+03 2.15843826202906180e-01
1.86656250000001513e+01 4.66986302982862924e+02 2.01195151978998592e+03 2.47893782277284890e+03 -1.98440170373121691e+03 2.15843826202887334e-01
1.86687500000001521e+01 4.67379876015870479e+02 2.01155794693384996e+03 2.47893782294972061e+03 -1.98440170373179672e+03 2.15843826202888833e-01
1.86718750000001528e+01 4.67772709375149986e+02 2.01116511374809306e+03 2.47893782312324311e+03 -1.98440170372907323e+03 2.15843826202903794e-01
1.86750000000001535e+01 4.68164797193702952e+02 2.01077302608797845e+03 2.47893782328168163e+03 -1.98440170374183890e+03 2.15843826202924000e-01
1.86781250000001542e+01 4.68556133614227463e+02 2.01038168983686455e+03 2.47893782345109184e+03 -1.98440170375426442e+03 2.15843826202887723e-01
1.86812500000001549e+01 4.68946712716625200e+02 2.00999111091539544e+03 2.47893782363202081e+03 -1.98440170376618016e+03 2.15843826202906819e-01
1.86843750000001556e+01 4.69336528523988591e+02 2.00960129528992002e+03 2.47893782381390884e+03 -1.98440170376940387e+03 2.15843826202887973e-01
1.86875000000001563e+01 4.69725575015695199e+02 2.00921224897971433e+03 2.47893782399540942e+03 -1.98440170376481638e+03 2.15843826202906180e-01
1.86906250000001570e+01 4.70113846118084211e+02 2.00882397806252152e+03 2.47893782418060573e+03 -1.98440170375936395e+03 2.15843826202906042e-01
1.86937500000001577e+01 4.70501335690678843e+02 2.00843648867800493e+03 2.47893782436868378e+03 -1.98440170375424032e+03 2.15843826202888611e-01
1.86968750000001585e+01 4.70888037531626878e+02 2.00804978702881999e+03 2.47893782456044664e+03 -1.98440170375526645e+03 2.15843826202908956e-01
1.87000000000001592e+01 4.71273945387677657e+02 2.00766387937904051e+03 2.47893782476671822e+03 -1.98440170375264438e+03 2.15843826202869626e-01
1.87031250000001599e+01 4.71659052936713522e+02 2.00727877204991591e+03 2.47893782498662949e+03 -1.98440170373459705e+03 2.15843826202924749e-01
1.87062500000001606e+01 4.72043353794688983e+02 2.00689447141298160e+03 2.47893782520767036e+03 -1.98440170372554303e+03 2.15843826202905542e-01
1.87093750000001613e+01 4.72426841561336573e+02 2.00651098388069659e+03 2.47893782544203304e+03 -1.98440170371577756e+03 2.15843826202906569e-01
1.87125000000001620e+01 4.72809509792118206e+02 2.00612831589499933e+03 2.47893782568711777e+03 -1.98440170370298483e+03 2.15843826202849420e-01
1.87156250000001627e+01 4.73191352002848021e+02 2.00574647391417875e+03 2.47893782591702666e+03 -1.98440170370655505e+03 2.15843826202887473e-01
1.87187500000001634e+01 4.73572361751273149e+02 2.00536546439856556e+03 2.47893782614983866e+03 -1.98440170370539204e+03 2.15843826202890249e-01
1.87218750000001641e+01 4.73952532579156468e+02 2.00498529379581532e+03 2.47893782637497179e+03 -1.98440170371770955e+03 2.15843826202906680e-01
1.87250000000001648e+01 4.74331858052639802e+02 2.00460596852627350e+03 2.47893782657891325e+03 -1.98440170373429373e+03 2.15843826202887973e-01
1.87281250000001656e+01 4.74710331805782516e+02 2.00422749496911911e+03 2.47893782677490162e+03 -1.98440170373879209e+03 2.15843826202904904e-01
1.87312500000001663e+01 4.75087947513824872e+02 2.00384987945006424e+03 2.47893782696388917e+03 -1.98440170374625268e+03 2.15843826202905903e-01
1.87343750000001670e+01 4.75464698921478771e+02 2.00347312823105221e+03 2.47893782715253110e+03 -1.98440170375164621e+03 2.15843826202888223e-01
1.87375000000001677e+01 4.75840579839496343e+02 2.00309724750248938e+03 2.47893782734198567e+03 -1.98440170375524758e+03 2.15843826202905903e-01
1.87406250000001684e+01 4.76215584158804006e+02 2.00272224337845864e+03 2.47893782753726282e+03 -1.98440170374611716e+03 2.15843826202888611e-01
1.87437500000001691e+01 4.76589705838776808e+02 2.00234812189510740e+03 2.47893782773388421e+03 -1.98440170373343108e+03 2.15843826202923000e-01
1.87468750000001698e+01 4.76962938913646383e+02 2.00197488901229303e+03 2.47893782792593947e+03 -1.98440170370654278e+03 2.15843826202870126e-01
1.87500000000001705e+01 4.77335277515216944e+02 2.00160255061844282e+03 2.47893782813365988e+03 -1.98440170367331189e+03 2.15843826202889111e-01
1.87531250000001712e+01 4.77706715790495537e+02 2.00123111253835941e+03 2.47893782832885518e+03 -1.98440170365726499e+03 2.15843826202942457e-01
1.87562500000001720e+01 4.78077247972979933e+02 2.00086058054366322e+03 2.47893782851664309e+03 -1.98440170364487335e+03 2.15843826202943095e-01
1.87593750000001727e+01 4.78446868324027548e+02 2.00049096036532183e+03 2.47893782868934932e+03 -1.98440170364760615e+03 2.15843826202907818e-01
1.87625000000001734e+01 4.78815571128939496e+02 2.00012225770765963e+03 2.47893782883659924e+03 -1.98440170366350844e+03 2.15843826202923389e-01
1.87656250000001741e+01 4.79183350734131636e+02 1.99975447826331492e+03 2.47893782899744656e+03 -1.98440170366931602e+03 2.15843826202907457e-01
1.87687500000001748e+01 4.79550201419002576e+02 1.99938762772826612e+03 2.47893782914726853e+03 -1.98440170367883752e+03 2.15843826202852418e-01
1.87718750000001755e+01 4.79916117481859828e+02 1.99902171181613562e+03 2.47893782929799545e+03 -1.98440170369475254e+03 2.15843826202905403e-01
1.87750000000001762e+01 4.80281093196736947e+02 1.99865673627127035e+03 2.47893782946800729e+03 -1.98440170370380611e+03 2.15843826202906680e-01
1.87781250000001769e+01 4.80645122757270485e+02 1.99829270687991539e+03 2.47893782963718604e+03 -1.98440170371623071e+03 2.15843826202906569e-01
1.87812500000001776e+01 4.81008200335738081e+02 1.99792962947887077e+03 2.47893782981460890e+03 -1.98440170372265879e+03 2.15843826202903905e-01
1.87843750000001783e+01 4.81370320071981439e+02 1.99756750996132791e+03 2.47893783003330918e+03 -1.98440170371329509e+03 2.15843826202868627e-01
1.87875000000001791e+01 4.81731475990643787e+02 1.99720635427977254e+03 2.47893783027041627e+03 -1.98440170369733232e+03 2.15843826202889472e-01
1.87906250000001798e+01 4.82091662057447707e+02 1.99684616844571769e+03 2.47893783050316551e+03 -1.98440170368428426e+03 2.15843826202869266e-01
1.87937500000001805e+01 4.82450872214561457e+02 1.99648695852632500e+03 2.47893783074088651e+03 -1.98440170368358940e+03 2.15843826202889610e-01
1.87968750000001812e+01 4.82809100330086437e+02 1.99612873063824509e+03 2.47893783096833158e+03 -1.98440170368120857e+03 2.15843826202888972e-01
1.88000000000001819e+01 4.83166340249307041e+02 1.99577149093910202e+03 2.47893783118840929e+03 -1.98440170368220197e+03 2.15843826202887085e-01
1.88031250000001826e+01 4.83522585793817655e+02 1.99541524561726146e+03 2.47893783141107906e+03 -1.98440170369106681e+03 2.15843826202907180e-01
1.88062500000001833e+01 4.83877830742587662e+02 1.99506000088044721e+03 2.47893783162303498e+03 -1.98440170370325927e+03 2.15843826202906042e-01
1.88093750000001840e+01 4.84232068891808296e+02 1.99470576294385000e+03 2.47893783183565847e+03 -1.98440170372439661e+03 2.15843826202942957e-01
1.88125000000001847e+01 4.84585294017134800e+02 1.99435253801847011e+03 2.47893783203560497e+03 -1.98440170375560410e+03 2.15843826202885697e-01
1.88156250000001855e+01 4.84937499943066200e+02 1.99400033230048416e+03 2.47893783224355047e+03 -1.98440170377648974e+03 2.15843826202905681e-01
1.88187500000001862e+01 4.85288680506664150e+02 1.99364915196223433e+03 2.47893783246889870e+03 -1.98440170378855487e+03 2.15843826202908456e-01
1.88218750000001869e+01 4.85638829563373122e+02 1.99329900314541783e+03 2.47893783270879112e+03 -1.98440170379439860e+03 2.15843826202851419e-01
1.88250000000001876e+01 4.85987940997508701e+02 1.99294989195704125e+03 2.47893783295454978e+03 -1.98440170378320317e+03 2.15843826202924277e-01
1.88281250000001883e+01 4.86336008725364820e+02 1.99260182446826593e+03 2.47893783319363092e+03 -1.98440170377282243e+03 2.15843826202905542e-01
1.88312500000001890e+01 4.86683026713729589e+02 1.99225480671619380e+03 2.47893783342992356e+03 -1.98440170375796743e+03 2.15843826202923250e-01
1.88343750000001897e+01 4.87028988957133890e+02 1.99190884470875426e+03 2.47893783366588832e+03 -1.98440170374407307e+03 2.15843826202850170e-01
1.88375000000001904e+01 4.87373889473271504e+02 1.99156394443232489e+03 2.47893783390559656e+03 -1.98440170373303272e+03 2.15843826202905043e-01
1.88406250000001911e+01 4.87717722267768863e+02 1.99122011186162490e+03 2.47893783412939365e+03 -1.98440170372283160e+03 2.15843826202905292e-01
1.88437500000001918e+01 4.88060481366121678e+02 1.99087735297145446e+03 2.47893783433757608e+03 -1.98440170372921853e+03 2.15843826202886974e-01
1.88468750000001926e+01 4.88402160792469374e+02 1.99053567374949284e+03 2.47893783454196227e+03 -1.98440170373990600e+03 2.15843826202834210e-01
1.88500000000001933e+01 4.88742754531298658e+02 1.99019508020949684e+03 2.47893783474079555e+03 -1.98440170375323873e+03 2.15843826202906180e-01
1.88531250000001940e+01 4.89082256539496882e+02 1.98985557840395495e+03 2.47893783494345189e+03 -1.98440170377505137e+03 2.15843826202921973e-01
1.88562500000001947e+01 4.89420660730812983e+02 1.98951717443543157e+03 2.47893783516624444e+03 -1.98440170378470225e+03 2.15843826202887334e-01
1.88593750000001954e+01 4.89757960931204195e+02 1.98917987446600068e+03 2.47893783539720471e+03 -1.98440170378631001e+03 2.15843826202924277e-01
1.88625000000001961e+01 4.90094150907893606e+02 1.98884368472398319e+03 2.47893783563187662e+03 -1.98440170378095036e+03 2.15843826202903905e-01
1.88656250000001968e+01 4.90429224378701804e+02 1.98850861150752917e+03 2.47893783588623091e+03 -1.98440170377854884e+03 2.15843826202888500e-01
1.88687500000001975e+01 4.90763174965600967e+02 1.98817466118472339e+03 2.47893783615032453e+03 -1.98440170376555488e+03 2.15843826202868377e-01
1.88718750000001982e+01 4.91095996232395862e+02 1.98784184018990663e+03 2.47893783642230255e+03 -1.98440170375587650e+03 2.15843826202907180e-01
1.88750000000001990e+01 4.91427681686196422e+02 1.98751015501628740e+03 2.47893783670248376e+03 -1.98440170374526042e+03 2.15843826202886585e-01
1.88781250000001997e+01 4.91758224777553664e+02 1.98717961220522193e+03 2.47893783698277548e+03 -1.98440170372745069e+03 2.15843826202905903e-01
1.88812500000002004e+01 4.92087618936445949e+02 1.98685021833248584e+03 2.47893783726893162e+03 -1.98440170371494060e+03 2.15843826202923500e-01
1.88843750000002011e+01 4.92415857565768533e+02 1.98652197999205941e+03 2.47893783755782806e+03 -1.98440170369957832e+03 2.15843826202887196e-01
1.88875000000002018e+01 4.92742934046555263e+02 1.98619490377821876e+03 2.47893783782477385e+03 -1.98440170369933276e+03 2.15843826202886696e-01
1.88906250000002025e+01 4.93068841819166209e+02 1.98586899626675358e+03 2.47893783808591979e+03 -1.98440170370190049e+03 2.15843826202906680e-01
1.88937500000002032e+01 4.93393574343209650e+02 1.98554426399607610e+03 2.47893783833928592e+03 -1.98440170370990108e+03 2.15843826202924388e-01
1.88968750000002039e+01 4.93717125155815154e+02 1.98522071344926690e+03 2.47893783860508211e+03 -1.98440170371049726e+03 2.15843826202942957e-01
1.89000000000002046e+01 4.94039487821648891e+02 1.98489835103787163e+03 2.47893783885952053e+03 -1.98440170371780232e+03 2.15843826202940819e-01
1.89031250000002053e+01 4.94360656025215519e+02 1.98457718308804374e+03 2.47893783911325909e+03 -1.98440170371912222e+03 2.15843826202924111e-01
1.89062500000002061e+01 4.94680623524636815e+02 1.98425721582989672e+03 2.47893783935453348e+03 -1.98440170372881767e+03 2.15843826202906569e-01
1.89093750000002068e+01 4.94999384182048402e+02 1.98393845539043855e+03 2.47893783957248706e+03 -1.98440170374792433e+03 2.15843826202869488e-01
1.89125000000002075e+01 4.95316932011163772e+02 1.98362090779035520e+03 2.47893783980151875e+03 -1.98440170374991703e+03 2.15843826202851918e-01
1.89156250000002082e+01 4.95633261076718782e+02 1.98330457894483015e+03 2.47893784002154916e+03 -1.98440170374555237e+03 2.15843826202870126e-01
1.89187500000002089e+01 4.95948365567625444e+02 1.98298947466824666e+03 2.47893784023587205e+03 -1.98440170373272304e+03 2.15843826202905903e-01
1.89218750000002096e+01 4.96262239773883209e+02 1.98267560068249077e+03 2.47893784045637403e+03 -1.98440170371910608e+03 2.15843826202888833e-01
1.89250000000002103e+01 4.96574878046413573e+02 1.98236296262848532e+03 2.47893784067489878e+03 -1.98440170370232840e+03 2.15843826202888334e-01
1.89281250000002110e+01 4.96886274805024414e+02 1.98205156608035122e+03 2.47893784088537541e+03 -1.98440170369970383e+03 2.15843826202903266e-01
1.89312500000002117e+01 4.97196424530041043e+02 1.98174141656138954e+03 2.47893784109143053e+03 -1.98440170369892098e+03 2.15843826202886446e-01
1.89343750000002125e+01 4.97505321718251309e+02 1.98143251956120275e+03 2.47893784127945401e+03 -1.98440170370294618e+03 2.15843826202923750e-01
1.89375000000002132e+01 4.97812960919885711e+02 1.98112488055319841e+03 2.47893784147308406e+03 -1.98440170370768192e+03 2.15843826202868377e-01
1.89406250000002139e+01 4.98119336658936959e+02 1.98081850501166309e+03 2.47893784167059994e+03 -1.98440170370466490e+03 2.15843826202904265e-01
1.89437500000002146e+01 4.98424443432063129e+02 1.98051339842758489e+03 2.47893784185964796e+03 -1.98440170370383589e+03 2.15843826202906042e-01
1.89468750000002153e+01 4.98728275736437070e+02 1.98020956632270645e+03 2.47893784205914335e+03 -1.98440170369875295e+03 2.15843826202887334e-01
1.89500000000002160e+01 4.99030828002430724e+02 1.97990701426134638e+03 2.47893784226377693e+03 -1.98440170370473174e+03 2.15843826202904654e-01
1.89531250000002167e+01 4.99332094621913086e+02 1.97960574785948825e+03 2.47893784248140128e+03 -1.98440170370825331e+03 2.15843826202851419e-01
1.89562500000002174e+01 4.99632069924898360e+02 1.97930577279100180e+03 2.47893784271589993e+03 -1.98440170370959322e+03 2.15843826202888223e-01
1.89593750000002181e+01 4.99930748168830519e+02 1.97900709479092484e+03 2.47893784295975547e+03 -1.98440170370618671e+03 2.15843826202904904e-01
1.89625000000002188e+01 5.00228123555867569e+02 1.97870971965581884e+03 2.47893784321168641e+03 -1.98440170370574378e+03 2.15843826202871902e-01
1.89656250000002196e+01 5.00524190231402599e+02 1.97841365324152775e+03 2.47893784347293058e+03 -1.98440170370613305e+03 2.15843826202905903e-01
1.89687500000002203e+01 5.00818942263293650e+02 1.97811890145861344e+03 2.47893784372190703e+03 -1.98440170370977285e+03 2.15843826202942957e-01
1.89718750000002210e+01 5.01112373699578143e+02 1.97782547026588281e+03 2.47893784396546107e+03 -1.98440170372455032e+03 2.15843826202940708e-01
1.89750000000002217e+01 5.01404478549764690e+02 1.97753336566250505e+03 2.47893784421226974e+03 -1.98440170373102706e+03 2.15843826202886085e-01
1.89781250000002224e+01 5.01695250790549949e+02 1.97724259367921468e+03 2.47893784446976451e+03 -1.98440170373011460e+03 2.15843826202922362e-01
1.89812500000002231e+01 5.01984684367379884e+02 1.97695316036906638e+03 2.47893784473644610e+03 -1.98440170372388138e+03 2.15843826202850281e-01
1.89843750000002238e+01 5.02272773221103023e+02 1.97666507179827704e+03 2.47893784501937989e+03 -1.98440170372224793e+03 2.15843826202886196e-01
1.89875000000002245e+01 5.02559511260441582e+02 1.97637833403753666e+03 2.47893784529797813e+03 -1.98440170372458942e+03 2.15843826202869765e-01
1.89906250000002252e+01 5.02844892406289489e+02 1.97609295315409122e+03 2.47893784556038054e+03 -1.98440170373396631e+03 2.15843826202869904e-01
1.89937500000002260e+01 5.03128910626064567e+02 1.97580893520484756e+03 2.47893784583091201e+03 -1.98440170374078843e+03 2.15843826202850780e-01
1.89968750000002267e+01 5.03411559870222391e+02 1.97552628623071087e+03 2.47893784610093326e+03 -1.98440170374336230e+03 2.15843826202887834e-01
1.90000000000002274e+01 5.03692834120768225e+02 1.97524501225220115e+03 2.47893784637296949e+03 -1.98440170374054514e+03 2.15843826202906680e-01
1.90031250000002281e+01 5.03972727384196503e+02 1.97496511926637208e+03 2.47893784665056864e+03 -1.98440170373222873e+03 2.15843826202867239e-01
1.90062500000002288e+01 5.04251233662575487e+02 1.97468661324493269e+03 2.47893784690750817e+03 -1.98440170374335912e+03 2.15843826202869016e-01
1.90093750000002295e+01 5.04528347028717008e+02 1.97440950013331621e+03 2.47893784716203299e+03 -1.98440170374937270e+03 2.15843826202888223e-01
1.90125000000002302e+01 5.04804061558296212e+02 1.97413378585069677e+03 2.47893784740899309e+03 -1.98440170376122114e+03 2.15843826202905903e-01
1.90156250000002309e+01 5.05078371371039225e+02 1.97385947629059888e+03 2.47893784766163799e+03 -1.98440170376012452e+03 2.15843826202906430e-01
1.90187500000002316e+01 5.05351270595405879e+02 1.97358657732191386e+03 2.47893784791731969e+03 -1.98440170375471780e+03 2.15843826202831962e-01
1.90218750000002323e+01 5.05622753384359044e+02 1.97331509479011697e+03 2.47893784817447613e+03 -1.98440170375454090e+03 2.15843826202924610e-01
1.90250000000002331e+01 5.05892813916942487e+02 1.97304503451840719e+03 2.47893784843534968e+03 -1.98440170374675881e+03 2.15843826202850642e-01
1.90281250000002338e+01 5.06161446382701115e+02 1.97277640230862130e+03 2.47893784869132242e+03 -1.98440170374231093e+03 2.15843826202923750e-01
1.90312500000002345e+01 5.06428645004214559e+02 1.97250920394182867e+03 2.47893784894604323e+03 -1.98440170373828232e+03 2.15843826202852557e-01
1.90343750000002352e+01 5.06694404035279376e+02 1.97224344517844293e+03 2.47893784921372207e+03 -1.98440170372837861e+03 2.15843826202868377e-01
1.90375000000002359e+01 5.06958717713079182e+02 1.97197913175781559e+03 2.47893784947089489e+03 -1.98440170372704301e+03 2.15843826202869127e-01
1.90406250000002366e+01 5.07221580317828568e+02 1.97171626939728390e+03 2.47893784971511241e+03 -1.98440170374145282e+03 2.15843826202943095e-01
1.90437500000002373e+01 5.07482986165921659e+02 1.97145486379063368e+03 2.47893784995655551e+03 -1.98440170374421587e+03 2.15843826202888833e-01
1.90468750000002380e+01 5.07742929594238660e+02 1.97119492060612947e+03 2.47893785020036830e+03 -1.98440170375810499e+03 2.15843826202924111e-01
1.90500000000002387e+01 5.08001404955175360e+02 1.97093644548409929e+03 2.47893785043927483e+03 -1.98440170378165658e+03 2.15843826202904043e-01
1.90531250000002395e+01 5.08258406653890802e+02 1.97067944403422666e+03 2.47893785068811758e+03 -1.98440170379259871e+03 2.15843826202905792e-01
1.90562500000002402e+01 5.08513929093814852e+02 1.97042392183263519e+03 2.47893785092645021e+03 -1.98440170379865958e+03 2.15843826202886696e-01
1.90593750000002409e+01 5.08767966747195942e+02 1.97016988441885132e+03 2.47893785116604704e+03 -1.98440170380525115e+03 2.15843826202886696e-01
1.90625000000002416e+01 5.09020514110800036e+02 1.96991733729284579e+03 2.47893785140364571e+03 -1.98440170379905089e+03 2.15843826202907180e-01
1.90656250000002423e+01 5.09271565728825351e+02 1.96966628591220478e+03 2.47893785164103019e+03 -1.98440170379682331e+03 2.15843826202907041e-01
1.90687500000002430e+01 5.09521116197586593e+02 1.96941673568965280e+03 2.47893785188723950e+03 -1.98440170377680261e+03 2.15843826202924000e-01
1.90718750000002437e+01 5.09769160135861114e+02 1.96916869199096254e+03 2.47893785212682360e+03 -1.98440170375915000e+03 2.15843826202870126e-01
1.90750000000002444e+01 5.10015692232006586e+02 1.96892216013336042e+03 2.47893785236536678e+03 -1.98440170374037552e+03 2.15843826202869016e-01
1.90781250000002451e+01 5.10260707215670664e+02 1.96867714538466453e+03 2.47893785260033519e+03 -1.98440170372698185e+03 2.15843826202905403e-01
1.90812500000002458e+01 5.10504199857006199e+02 1.96843365296310003e+03 2.47893785282010640e+03 -1.98440170373654200e+03 2.15843826202906902e-01
1.90843750000002466e+01 5.10746164982359517e+02 1.96819168803777438e+03 2.47893785302013384e+03 -1.98440170374206946e+03 2.15843826202904404e-01
1.90875000000002473e+01 5.10986597493910494e+02 1.96795125573002133e+03 2.47893785322393160e+03 -1.98440170374402715e+03 2.15843826202905792e-01
1.90906250000002480e+01 5.11225492316706607e+02 1.96771236111560279e+03 2.47893785343230957e+03 -1.98440170374375202e+03 2.15843826202869377e-01
1.90937500000002487e+01 5.11462844417853546e+02 1.96747500922765016e+03 2.47893785364550376e+03 -1.98440170374328773e+03 2.15843826202887584e-01
1.90968750000002494e+01 5.11698648791767482e+02 1.96723920506030481e+03 2.47893785385207229e+03 -1.98440170375072557e+03 2.15843826202867600e-01
1.91000000000002501e+01 5.11932900478463296e+02 1.96700495357301907e+03 2.47893785405148219e+03 -1.98440170375707203e+03 2.15843826202888334e-01
1.91031250000002508e+01 5.12165594562621777e+02 1.96677225969532810e+03 2.47893785425794977e+03 -1.98440170376145034e+03 2.15843826202886085e-01
1.91062500000002515e+01 5.12396726130615320e+02 1.96654112833188174e+03 2.47893785446249694e+03 -1.98440170376618789e+03 2.15843826202870653e-01
1.91093750000002522e+01 5.12626290339114234e+02 1.96631156436772335e+03 2.47893785470683770e+03 -1.98440170374693798e+03 2.15843826202922112e-01
1.91125000000002530e+01 5.12854282264643302e+02 1.96608357267352017e+03 2.47893785493816358e+03 -1.98440170373440560e+03 2.15843826202830824e-01
1.91156250000002537e+01 5.13080697042167117e+02 1.96585715811053251e+03 2.47893785515269974e+03 -1.98440170371896374e+03 2.15843826202904793e-01
1.91187500000002544e+01 5.13305529828910721e+02 1.96563232553525950e+03 2.47893785536416999e+03 -1.98440170370919645e+03 2.15843826202832323e-01
1.91218750000002551e+01 5.13528775763648014e+02 1.96540907980349539e+03 2.47893785556714329e+03 -1.98440170370862302e+03 2.15843826202868877e-01
1.91250000000002558e+01 5.13750429993647799e+02 1.96518742577362218e+03 2.47893785576726987e+03 -1.98440170371339445e+03 2.15843826202870764e-01
1.91281250000002565e+01 5.13970487663628319e+02 1.96496736830912801e+03 2.47893785597275655e+03 -1.98440170371143563e+03 2.15843826202885947e-01
1.91312500000002572e+01 5.14188943909616114e+02 1.96474891228030356e+03 2.47893785618991978e+03 -1.98440170370718351e+03 2.15843826202888334e-01
1.91343750000002579e+01 5.14405793839496027e+02 1.96453206256506019e+03 2.47893785640455644e+03 -1.98440170371134309e+03 2.15843826202907818e-01
1.91375000000002586e+01 5.14621032584507248e+02 1.96431682404892558e+03 2.47893785663343260e+03 -1.98440170370855185e+03 2.15843826202905403e-01
1.91406250000002593e+01 5.14834655240687766e+02 1.96410320162435755e+03 2.47893785686504543e+03 -1.98440170370859278e+03 2.15843826202870015e-01
1.91437500000002601e+01 5.15046656926794867e+02 1.96389120018946187e+03 2.47893785711625696e+03 -1.98440170369826251e+03 2.15843826202868239e-01
1.91468750000002608e+01 5.15257032725814838e+02 1.96368082464624581e+03 2.47893785737206053e+03 -1.98440170368673466e+03 2.15843826202870376e-01
1.91500000000002615e+01 5.15465777711168926e+02 1.96347207989859021e+03 2.47893785760975925e+03 -1.98440170368091799e+03 2.15843826202868377e-01
1.91531250000002622e+01 5.15672887006917108e+02 1.96326497085015990e+03 2.47893785785707678e+03 -1.98440170367614519e+03 2.15843826202886585e-01
1.91562500000002629e+01 5.15878355685518159e+02 1.96305950240237598e+03 2.47893785808789426e+03 -1.98440170368290455e+03 2.15843826202906042e-01
1.91593750000002636e+01 5.16082178865585206e+02 1.96285567945251205e+03 2.47893785831809737e+03 -1.98440170368648933e+03 2.15843826202886585e-01
1.91625000000002643e+01 5.16284351660017478e+02 1.96265350689216348e+03 2.47893785855218084e+03 -1.98440170369238422e+03 2.15843826202869488e-01
1.91656250000002650e+01 5.16484869190218774e+02 1.96245298960598711e+03 2.47893785879620600e+03 -1.98440170369861175e+03 2.15843826202869016e-01
1.91687500000002657e+01 5.16683726552858161e+02 1.96225413247076676e+03 2.47893785902362470e+03 -1.98440170371817339e+03 2.15843826202886446e-01
1.91718750000002665e+01 5.16880918900444499e+02 1.96205694035466331e+03 2.47893785925510792e+03 -1.98440170372815396e+03 2.15843826202852057e-01
1.91750000000002672e+01 5.17076441368293558e+02 1.96186141811662105e+03 2.47893785948491450e+03 -1.98440170373795286e+03 2.15843826202887334e-01
1.91781250000002679e+01 5.17270289112861064e+02 1.96166757060580676e+03 2.47893785971866782e+03 -1.98440170373953970e+03 2.15843826202869016e-01
1.91812500000002686e+01 5.17462457288603332e+02 1.96147540266071815e+03 2.47893785994932159e+03 -1.98440170373822457e+03 2.15843826202888833e-01
1.91843750000002693e+01 5.17652941082652546e+02 1.96128491910793855e+03 2.47893786019059098e+03 -1.98440170373469118e+03 2.15843826202888833e-01
1.91875000000002700e+01 5.17841735669721743e+02 1.96109612476026450e+03 2.47893786042998636e+03 -1.98440170373675937e+03 2.15843826202868488e-01
1.91906250000002707e+01 5.18028836252812425e+02 1.96090902441407593e+03 2.47893786066688835e+03 -1.98440170373976844e+03 2.15843826202814365e-01
1.91937500000002714e+01 5.18214238041953308e+02 1.96072362284585688e+03 2.47893786088781007e+03 -1.98440170374930153e+03 2.15843826202888223e-01
1.91968750000002721e+01 5.18397936308776480e+02 1.96053992480783791e+03 2.47893786111661439e+03 -1.98440170374587319e+03 2.15843826202907679e-01
1.92000000000002728e+01 5.18579926313823535e+02 1.96035793502276283e+03 2.47893786133658614e+03 -1.98440170374660420e+03 2.15843826202868877e-01
